0.0825533220807 13034 1076 0 0 0 0.0432432432432 185 8 
0.0825533220807 13034 1076 0.49322009706 14012 6911 0.0432432432432 185 8 
0.0432432432432 185 8 0.0825533220807 13034 1076 0.135593220339 59 8 
0.135593220339 59 8 0.0432432432432 185 8 0.131147540984 61 8 
0.131147540984 61 8 0.135593220339 59 8 0.137931034483 58 8 
0.137931034483 58 8 0.131147540984 61 8 0.129032258065 62 8 
0.129032258065 62 8 0.137931034483 58 8 0.117647058824 68 8 
0.117647058824 68 8 0.129032258065 62 8 0.135593220339 59 8 
0.135593220339 59 8 0.117647058824 68 8 0.135593220339 59 8 
0.135593220339 59 8 0.135593220339 59 8 0.111111111111 81 9 
0.111111111111 81 9 0.135593220339 59 8 0.118421052632 76 9 
0.118421052632 76 9 0.111111111111 81 9 0.152542372881 59 9 
0.152542372881 59 9 0.118421052632 76 9 0.15 60 9 
0.15 60 9 0.152542372881 59 9 0.15 60 9 
0.15 60 9 0.15 60 9 0.145161290323 62 9 
0.145161290323 62 9 0.15 60 9 0.152542372881 59 9 
0.152542372881 59 9 0.145161290323 62 9 0.155172413793 58 9 
0.155172413793 58 9 0.152542372881 59 9 0.15 60 9 
0.15 60 9 0.155172413793 58 9 0.134328358209 67 9 
0.134328358209 67 9 0.15 60 9 0.155172413793 58 9 
0.155172413793 58 9 0.134328358209 67 9 0.176470588235 51 9 
0.176470588235 51 9 0.155172413793 58 9 0.152542372881 59 9 
0.152542372881 59 9 0.176470588235 51 9 0.138461538462 65 9 
0.138461538462 65 9 0.152542372881 59 9 0.115789473684 95 11 
0.115789473684 95 11 0.138461538462 65 9 0.0542168674699 166 9 
0.0542168674699 166 9 0.115789473684 95 11 0.0294117647059 646 19 
0.0294117647059 646 19 0.0542168674699 166 9 0.052 250 13 
0.052 250 13 0.0294117647059 646 19 0.0589711417817 797 47 
0.0589711417817 797 47 0.052 250 13 0.0926365795724 421 39 
0.0926365795724 421 39 0.0589711417817 797 47 0.15625 416 65 
0.15625 416 65 0.0926365795724 421 39 0.174216027875 287 50 
0.174216027875 287 50 0.15625 416 65 0.649430740038 2108 1369 
0.649430740038 2108 1369 0.174216027875 287 50 0.728476821192 151 110 
0.728476821192 151 110 0.649430740038 2108 1369 0.982964224872 587 577 
0.982964224872 587 577 0.728476821192 151 110 0.941520467836 171 161 
0.941520467836 171 161 0.982964224872 587 577 0.984496124031 645 635 
0.984496124031 645 635 0.941520467836 171 161 0.992576095026 1347 1337 
0.992576095026 1347 1337 0.984496124031 645 635 0.942429022082 1268 1195 
0.942429022082 1268 1195 0.992576095026 1347 1337 0.166349809886 1052 175 
0.166349809886 1052 175 0.942429022082 1268 1195 0.186414708887 9790 1825 
0.186414708887 9790 1825 0.166349809886 1052 175 0.0673913043478 460 31 
0.0673913043478 460 31 0.186414708887 9790 1825 0.214788732394 284 61 
0.214788732394 284 61 0.0673913043478 460 31 0.344262295082 183 63 
0.344262295082 183 63 0.214788732394 284 61 0.322033898305 177 57 
0.322033898305 177 57 0.344262295082 183 63 0.320224719101 178 57 
0.320224719101 178 57 0.322033898305 177 57 0.344262295082 183 63 
0.344262295082 183 63 0.320224719101 178 57 0.0493150684932 365 18 
0.0493150684932 365 18 0.344262295082 183 63 0.110759493671 316 35 
0.110759493671 316 35 0.0493150684932 365 18 0.170454545455 176 30 
0.170454545455 176 30 0.110759493671 316 35 0.114754098361 305 35 
0.114754098361 305 35 0.170454545455 176 30 0.105769230769 312 33 
0.105769230769 312 33 0.114754098361 305 35 0.148936170213 188 28 
0.148936170213 188 28 0.105769230769 312 33 0.128676470588 272 35 
0.128676470588 272 35 0.148936170213 188 28 0.181818181818 176 32 
0.181818181818 176 32 0.128676470588 272 35 0.257142857143 105 27 
0.257142857143 105 27 0.181818181818 176 32 0.187134502924 171 32 
0.187134502924 171 32 0.257142857143 105 27 0.264705882353 102 27 
0.264705882353 102 27 0.187134502924 171 32 0.117845117845 297 35 
0.117845117845 297 35 0.264705882353 102 27 0.108359133127 323 35 
0.108359133127 323 35 0.117845117845 297 35 0.111821086262 313 35 
0.111821086262 313 35 0.108359133127 323 35 0.130111524164 269 35 
0.130111524164 269 35 0.111821086262 313 35 0.181818181818 176 32 
0.181818181818 176 32 0.130111524164 269 35 0.173913043478 184 32 
0.173913043478 184 32 0.181818181818 176 32 0.116161616162 198 23 
0.116161616162 198 23 0.173913043478 184 32 0.208333333333 120 25 
0.208333333333 120 25 0.116161616162 198 23 0.227642276423 123 28 
0.227642276423 123 28 0.208333333333 120 25 0.216666666667 120 26 
0.216666666667 120 26 0.227642276423 123 28 0.219512195122 123 27 
0.219512195122 123 27 0.216666666667 120 26 0.229508196721 122 28 
0.229508196721 122 28 0.219512195122 123 27 0.229508196721 122 28 
0.229508196721 122 28 0.229508196721 122 28 0.229508196721 122 28 
0.229508196721 122 28 0.229508196721 122 28 0.229508196721 122 28 
0.229508196721 122 28 0.229508196721 122 28 0.216666666667 120 26 
0.216666666667 120 26 0.229508196721 122 28 0.216666666667 120 26 
0.216666666667 120 26 0.216666666667 120 26 0.216666666667 120 26 
0.216666666667 120 26 0.216666666667 120 26 0.229508196721 122 28 
0.229508196721 122 28 0.216666666667 120 26 0.189655172414 116 22 
0.189655172414 116 22 0.229508196721 122 28 0.229508196721 122 28 
0.229508196721 122 28 0.189655172414 116 22 0.235772357724 123 29 
0.235772357724 123 29 0.229508196721 122 28 0.00606469002695 1484 9 
0.00606469002695 1484 9 0.235772357724 123 29 0.0804289544236 373 30 
0.0804289544236 373 30 0.00606469002695 1484 9 0.0753768844221 398 30 
0.0753768844221 398 30 0.0804289544236 373 30 0.0707070707071 396 28 
0.0707070707071 396 28 0.0753768844221 398 30 0.0785340314136 382 30 
0.0785340314136 382 30 0.0707070707071 396 28 0.0683544303797 395 27 
0.0683544303797 395 27 0.0785340314136 382 30 0.0753768844221 398 30 
0.0753768844221 398 30 0.0683544303797 395 27 0.0707070707071 396 28 
0.0707070707071 396 28 0.0753768844221 398 30 0.075 400 30 
0.075 400 30 0.0707070707071 396 28 0.0759493670886 395 30 
0.0759493670886 395 30 0.075 400 30 0.0742574257426 404 30 
0.0742574257426 404 30 0.0759493670886 395 30 0.072864321608 398 29 
0.072864321608 398 29 0.0742574257426 404 30 0.0755667506297 397 30 
0.0755667506297 397 30 0.072864321608 398 29 0.0698924731183 372 26 
0.0698924731183 372 26 0.0755667506297 397 30 0.0753768844221 398 30 
0.0753768844221 398 30 0.0698924731183 372 26 0.0753768844221 398 30 
0.0753768844221 398 30 0.0753768844221 398 30 0.0753768844221 398 30 
0.0753768844221 398 30 0.0753768844221 398 30 0.617886178862 369 228 
0.617886178862 369 228 0.0753768844221 398 30 0.104347826087 230 24 
0.104347826087 230 24 0.617886178862 369 228 0.11214953271 214 24 
0.11214953271 214 24 0.104347826087 230 24 0.1 200 20 
0.1 200 20 0.11214953271 214 24 0.124352331606 193 24 
0.124352331606 193 24 0.1 200 20 0.0873493975904 5644 493 
0.0873493975904 5644 493 0.124352331606 193 24 0.207644628099 968 201 
0.207644628099 968 201 0.0873493975904 5644 493 0.49322009706 14012 6911 
0.49322009706 14012 6911 0.207644628099 968 201 0 0 0 
